Element[0x00000000 "CUI-PJ102" "" "2.1mm" 480315 104330 -36654 -13779 0 90 0x00000000]
(
	Pin[0 0 7600 1800 8200 4500 "" "2" 0x04004001]
	Pin[-23622 0 7600 1800 8200 4500 "" "1" 0x04004001]
	Pin[-11811 -18504 7600 1800 8200 4500 "" "3" 0x04004001]
	ElementLine [15749 -1968 17717 0 1000]
	ElementLine [17717 1 15749 1969 1000]
	ElementLine [15748 -1968 15749 -1968 1000]
	ElementLine [15748 1969 3937 1969 1000]
	ElementLine [3937 -1968 15749 -1968 1000]
	ElementLine [-26378 -17716 18498 -17716 1000]
	ElementLine [-26378 17717 18498 17717 1000]
	ElementLine [-26378 -17716 -26378 17717 1000]

	)

