
Element["" "" "" "" 9800 7500 0 0 0 100 ""]
(
	Pad[-6450 -1550 -6450 1450 4100 1200 4700 "" "1" "square"]
	Pad[-50 -4950 -50 -2450 2500 1200 3100 "" "4" "square"]
	Pad[-50 2350 -50 4850 2500 1200 3100 "" "2" "square,edge2"]
	Pad[6350 -1550 6350 1450 4100 1200 4700 "" "3" "square"]
	ElementLine [-8500 -4600 -2300 -4600 600]
	ElementLine [-2300 -4600 -2300 -7200 600]
	ElementLine [-2300 -7200 2200 -7200 600]
	ElementLine [2200 -7200 2200 -4600 600]
	ElementLine [2200 -4600 9400 -4600 600]
	ElementLine [9400 -4600 9400 4500 600]
	ElementLine [9400 4500 2200 4500 600]
	ElementLine [2200 4500 2200 7100 600]
	ElementLine [2200 7100 -2300 7100 600]
	ElementLine [-2300 7100 -2300 4500 600]
	ElementLine [-2300 4500 -9500 4500 600]
	ElementLine [-9500 4500 -9500 -4600 600]
	ElementLine [-9500 -4600 -8300 -4600 600]

	)
