Element[0x00000000 "CUI_PJ-102A" "" "" 39370 39370 0 0 0 100 0x00000000]
(
	Pin[0 0 8700 2000 8706 4700 "" "2" 0x00004001]
	Pin[-23622 0 8700 2000 8706 4700 "" "1" 0x00004001]
	Pin[-11811 -18504 8700 2000 8706 4700 "" "3" 0x00004001]
	ElementLine [-26378 -17716 -26378 17717 1000]
	ElementLine [-26378 17717 18898 17717 1000]
	ElementLine [-26378 -17716 18898 -17716 1000]
	ElementLine [3937 -1968 15749 -1968 1000]
	ElementLine [15748 1969 3937 1969 1000]
	ElementLine [15748 -1968 15749 -1968 1000]
	ElementLine [17717 1 15749 1969 1000]
	ElementLine [15749 -1968 17717 0 1000]
	ElementLine [17717 0 17717 1 1000]
	)
